1,01251217,000010000100001000010000100001000010000100010000100001000010000100001001
2,02251217,000010000100001000010000100001000010000100010000100001000010000100001001
1,03251217,000010000100001000010000100001000010000100010000100101010110000100001001
2,04251217,000010000100001000010000100001000010000100010000100001000010000100001001
1,05251217,000010000100001000010000100001000010000100010000100001000010000100001001
2,06251217,000010000100001000010000100001000010000100010000100001000010000100001000
2,07251217,000010000100001000010000100001000010000100010000100001000010001111111111
2,08251217,001110001001111000011111110111111101011111011110000000000000000000000000
2,09251217,111111111111000000000000001111111111110000000000001110101010101010101010
2,10241217,001100011110010001110001100011000111111111110010111111111110111111101111
1,00241217,000011010101010101000101010101010111110000101100101011010010101010101001
1,10121217,000000000000000000000000000000000000000000000000000000000000000000000000
1,03091217,000000000000000000000000000000000000000000000000000000000000000000000000
1,20091217,000000000000000000000000000000000000000000000000000000000000000000000000
2,08241217,000000000000000000000000000000000000000000000000000000000000000000000000
2,08241217,000000000000000000000000000000000000000000000000000000000000000000000000
2,11251217,000000000000000000000000000000000000000000000000000000000000000000000000
2,11251217,000000000000000000000000000000000000000000000000000000000000000000000000
2,20251217,000000000000000000000000000000000000000000000000000000000000000000000000
3,11151217,000000000000000000000000000000000000000000000000000000000000000000000000
